[gd_scene load_steps=10 format=2]

[ext_resource path="res://player/Player.tscn" type="PackedScene" id=1]
[ext_resource path="res://world/Wall.tscn" type="PackedScene" id=2]
[ext_resource path="res://world/game_world_environment.tres" type="Environment" id=3]
[ext_resource path="res://Camera.gd" type="Script" id=4]
[ext_resource path="res://world/Floor.tscn" type="PackedScene" id=5]
[ext_resource path="res://entities/TinyTimmy.tscn" type="PackedScene" id=6]
[ext_resource path="res://entities/LilJimmy.tscn" type="PackedScene" id=7]

[sub_resource type="BoxShape" id=4]
extents = Vector3( 100, 40, 1 )

[sub_resource type="PlaneMesh" id=5]
size = Vector2( 5000, 150 )

[node name="World" type="Spatial"]

[node name="WorldEnvironment" type="WorldEnvironment" parent="."]
environment = ExtResource( 3 )

[node name="Camera" type="Camera" parent="."]
transform = Transform( 1, 0, 0, 0, 0.939693, 0.34202, 0, -0.34202, 0.939693, 0, 3, 6 )
current = true
script = ExtResource( 4 )
follow_target_path = NodePath("../Entities/Player")
smooth_speed = 3.0
offset = Vector3( 0, 3, 6 )

[node name="Entities" type="Node" parent="."]

[node name="Player" parent="Entities" instance=ExtResource( 1 )]

[node name="TinyTimmy" parent="Entities" instance=ExtResource( 6 )]
transform = Transform( 1, 0, 0, 0, 1, 0, 0, 0, 1, 3, 0, 0 )
collision_layer = 1
follow_target_path = NodePath("../LilJimmy")

[node name="LilJimmy" parent="Entities" instance=ExtResource( 7 )]
transform = Transform( 1, 0, 0, 0, 1, 0, 0, 0, 1, 2, 0, 0 )
collision_layer = 1
follow_target_path = NodePath("../Player")

[node name="StaticObjects" type="Spatial" parent="."]

[node name="Floor" parent="StaticObjects" instance=ExtResource( 5 )]

[node name="BackWall" type="StaticBody" parent="StaticObjects"]
transform = Transform( 1, 0, 0, 0, 1, 0, 0, 0, 1, 0, -1, -30 )
__meta__ = {
"_edit_lock_": true
}

[node name="CollisionShape" type="CollisionShape" parent="StaticObjects/BackWall"]
shape = SubResource( 4 )

[node name="FrontWall" type="StaticBody" parent="StaticObjects"]
transform = Transform( 1, 0, 0, 0, 1, 0, 0, 0, 1, 0, -1, 29 )
__meta__ = {
"_edit_lock_": true
}

[node name="CollisionShape" type="CollisionShape" parent="StaticObjects/FrontWall"]
shape = SubResource( 4 )

[node name="Background" type="MeshInstance" parent="StaticObjects"]
transform = Transform( 1, 0, 0, 0, -4.37114e-08, -1, 0, 1, -4.37114e-08, 0, 0, -52 )
mesh = SubResource( 5 )
material/0 = null
__meta__ = {
"_edit_lock_": true
}

[node name="Wall" parent="StaticObjects" instance=ExtResource( 2 )]
transform = Transform( 1, 0, 0, 0, 1, 0, 0, 0, 1, 3, 0, -1 )

[node name="Wall5" parent="StaticObjects" instance=ExtResource( 2 )]
transform = Transform( 1.91069e-15, 4.37114e-08, 1, 1, -4.37114e-08, 0, 4.37114e-08, 1, -4.37114e-08, -2, 2, -4 )

[node name="Wall6" parent="StaticObjects" instance=ExtResource( 2 )]
transform = Transform( 1.91069e-15, 4.37114e-08, 1, 1, -4.37114e-08, 0, 4.37114e-08, 1, -4.37114e-08, 1, 2, -4 )

[node name="Wall2" parent="StaticObjects" instance=ExtResource( 2 )]
transform = Transform( 1, 0, 0, 0, 1, 0, 0, 0, 1, -6, 0, -2 )

[node name="Wall7" parent="StaticObjects" instance=ExtResource( 2 )]
transform = Transform( -0.965926, -0.258819, -8.44439e-08, -0.258819, 0.965926, 2.26267e-08, 7.57103e-08, 4.37114e-08, -1, -10, 0, 2 )

[node name="Wall8" parent="StaticObjects" instance=ExtResource( 2 )]
transform = Transform( -0.965926, -0.258819, -8.44439e-08, -0.258819, 0.965926, 2.26267e-08, 7.57103e-08, 4.37114e-08, -1, -10, 0, 1 )

[node name="Wall3" parent="StaticObjects" instance=ExtResource( 2 )]
transform = Transform( -0.707107, 0, 0.707107, 0, 1, 0, -0.707107, 0, -0.707107, -3, 0, 3 )

[node name="Wall4" parent="StaticObjects" instance=ExtResource( 2 )]
transform = Transform( -5.96046e-08, 0, 1, 0, 1, 0, -1, 0, -5.96046e-08, 2, 0, 4 )
